L2Deepfool attack:
0.949999988079071
0.014639015076681972
0.09110495203640312
0.18472713301889598
0.1863122780341655
0.20030993095133454
0.1965585860889405
0.1849492200417444
0.18476596591062844
0.0 0.949999988079071
0.001 0.949999988079071
0.01 0.8500000238418579
0.03 0.800000011920929
0.1 0.800000011920929
0.3 0.5499999523162842
0.5 0.19999998807907104
1.0 0.0




LinfPGD attack:
0.0 0.949999988079071
0.001 0.5499999523162842
0.01 0.0
0.03 0.0
0.1 0.0
0.3 0.0
0.5 0.0
1.0 0.0


FGSM attack:
0.0 0.949999988079071
0.001 0.6499999761581421
0.01 0.09999996423721313
0.03 0.09999996423721313
0.1 0.19999998807907104
0.3 0.0
0.5 0.0
1.0 0.0
